505.596186287	234.049088382	509.777324818	273.829964197	
250.45415634	480.104197651	217.292653438	457.736481512	
295.485807115	554.750885615	255.704931301	558.932024146	
283.909704372	322.296280203	244.007142362	319.506021253	
496.924042872	285.021252505	535.374510709	296.046746738	
325.190777381	249.192304281	364.801500131	254.759228319	
363.74221712	217.329520256	390.507441375	247.055313275	
484.737569177	281.227672574	524.348291927	286.794596612	
289.498559915	333.433958024	256.732478144	310.49090057	
384.535066246	278.490880951	408.046476338	246.130201176	
228.082122038	382.002772404	244.986852507	345.750460922	
281.311860499	305.152942651	310.566008564	277.873008249	
278.095129215	349.499719276	260.560283343	313.547957424	
296.40518993	553.751794518	257.140102592	561.384154333	
351.859858831	289.201931152	331.258335834	254.915239124	
333.404951799	581.909012171	319.724146066	619.496717002	
441.823737164	247.952023999	478.911091347	262.936287735	
221.495673365	369.929996328	203.336053376	405.570257296	
238.124011401	375.407682188	249.81887959	337.155491949	
314.498869223	305.124360876	324.851631027	266.487327824	
322.281508509	223.513821944	349.046732764	253.239614963	
237.25175546	399.456586569	204.485673689	422.399644023	
247.244573741	320.358102307	281.531265769	299.75657931	
320.971665577	307.334872999	298.603949438	274.173370097	
277.427058137	337.963054026	238.034748017	331.017126919	
245.695107123	299.020484016	284.669909715	290.022441842	
328.764433492	302.672494891	325.974174542	262.76993288	
289.647452649	549.867850707	249.653544843	550.565946964	
267.462241549	355.607111476	261.895317511	315.996388726	
257.496713865	279.547918405	297.344501789	283.034148115	
358.600988169	285.793194424	337.4042176	251.871270577	
297.896974822	552.862371876	266.811136363	578.035187518	
272.822971345	523.987780682	232.877789955	521.894342432	
251.554793851	377.646247406	247.37365532	337.865371591	
304.298865225	313.951030399	269.657849074	293.951030399	
492.107151493	291.602261524	532.107151493	291.602261524	
377.491630261	595.999611675	367.138868457	634.636644726	
351.440981173	284.667706109	323.654646355	255.894114095	
320.139762274	571.337114415	286.592939556	593.122675816	
270.189649024	293.255505022	307.777353855	279.574699289	
319.267160775	302.260077253	330.292655008	263.809609416	
317.489948952	230.347319186	348.575787411	255.520134828	
320.420723715	306.470450906	294.709219328	275.828673182	
222.944056208	425.640405621	202.944056208	460.281421772	
261.607091852	372.951207453	245.977846712	336.131013315	
435.561318344	250.061228365	474.011786182	261.086722598	
298.087932484	552.742498532	262.447671516	570.902118521	
544.065414847	276.435887528	554.418176651	315.072920579	
484.035860966	241.193193852	505.821422366	274.74001657	
262.776933338	373.968650509	243.384548528	338.983862223	
241.670158028	345.098870404	267.381662415	314.457092679	
488.504222402	240.667231441	507.896607211	275.652019727	
246.58279688	327.795605885	278.103227024	303.169146872	
430.448467411	224.575521925	457.213691666	254.301314944	
250.752247245	432.764971792	215.434343531	413.98610928	
224.301757857	391.774682599	201.934041718	424.936185501	
442.284082336	260.938523683	482.186644346	263.728782633	
258.92057273	501.046516752	226.975152328	525.119117678	
476.249555983	267.668915237	514.070299007	280.691641415	
545.526844623	275.990761879	554.524886797	314.965564471	
238.646228158	489.624463775	222.376762435	526.166282081	
341.607037617	276.042022424	373.967717392	252.530612332	
277.124370238	342.26132947	238.487337186	331.908567665	
429.432498168	280.976534379	454.058957181	249.456104234	
373.224237741	285.535114267	372.526141484	245.541206461	
318.52042196	228.395260485	348.246214979	255.160484739	
524.039026496	264.154052694	540.308492219	300.695870999	
557.152560859	295.465240651	568.178055092	333.915708489	
258.119606468	346.043951621	271.800412201	308.45624679	
270.589162336	309.045930193	301.675000794	283.873114551	
334.66112287	217.066363746	356.446684271	250.613186464	
503.88951148	279.765666525	538.530527631	299.765666525	
293.929790221	330.739576263	266.143455403	301.965984249	
312.011329518	567.132048849	274.923975335	582.116312586	
269.033342212	520.430133258	229.768254874	512.797773443	
268.566051308	311.324238047	299.207829033	285.61273366	
294.776618806	307.487904283	315.973389375	273.565980437	
281.983813737	534.1479863	243.731623498	545.842854489	
407.249247178	281.24945748	415.565714811	242.123553451	
243.787596903	386.528365406	243.089500645	346.534457599	
333.657630847	292.879501669	302.571792389	267.706686027	
283.565475989	335.151934328	281.47203774	295.206752937	
276.53377608	551.045936379	270.276397478	590.553470003	
398.912916836	278.775787282	421.280632975	245.61428438	
557.578235023	333.551587398	584.343459277	363.277380417	
260.436543174	385.772693735	230.710750155	359.007469481	
249.914601789	439.338697375	209.938968708	440.734677243	
419.97035832	219.198954651	444.596817333	250.719384795	
302.625826407	236.908135878	334.986506182	260.41954597	
252.500890381	419.14839926	214.248700142	407.453531071	
262.677797075	532.501333068	251.652302842	570.951800905	
332.656343893	297.933239183	339.602271	258.540929062	
381.408215975	278.981301923	404.351273429	246.215220152	
250.934491526	458.536506114	214.392673221	442.267040391	
251.403747854	404.637984028	227.892337762	372.277304253	
280.221405785	532.425246829	246.299481939	553.622017398	
220.726320591	429.109665877	203.191474719	465.061427729	
422.410202185	225.999406218	451.66435025	253.27934062	
254.510785705	407.474119718	219.869769553	387.474119718	
222.842280897	382.554253787	202.2407579	416.840945815	
261.644820255	522.948821952	243.485200265	558.589082919	
262.94571063	376.712211218	225.60249357	362.377493236	
531.990797094	279.907790836	552.59232009	314.194482864	
340.035494233	583.327964843	321.256631722	618.645868558	
416.00232825	269.140972028	452.544146556	252.871506305	
397.365307037	224.827640627	428.885737181	249.45409964	
503.061086519	232.412841316	507.24222505	272.193717131	
304.039476994	558.236881956	270.877974092	580.604598095	
218.821773425	368.397223673	203.192528285	405.217417812	
256.059483731	378.293546556	216.08385065	379.689526424	
334.351648541	224.551694103	364.07744156	251.316918357	
483.571921875	262.958128849	517.858613903	283.559651846	
499.537142652	281.00442865	536.078960958	297.273894374	
318.825294477	294.735466453	340.610855877	261.188643735	
240.913764088	474.886980441	215.740948446	505.972818899	
528.071651468	253.770693038	534.329030069	293.278226661	
550.721987454	271.536967531	552.815425704	311.482148921	
488.168629658	271.152571032	524.42094114	288.057301502	
565.106241195	293.369655735	568.592470905	333.217443659	
317.66106607	576.569589717	308.663023896	615.544392308	
296.635824584	551.298293057	260.684062732	568.833138929	
508.008940577	275.390987671	539.094779035	300.563803313	
420.812587162	226.322824994	450.538380181	253.088049249	
232.578789115	467.987505665	217.594525379	430.900151482	
399.469518333	222.348592311	429.195311352	249.113816566	
474.209043052	230.944049111	492.368663042	266.584310078	
226.013659162	456.107908277	209.108928692	492.360219758	
293.815252397	266.622856795	333.790885478	265.226876927	
301.929820154	271.133568194	341.055724183	262.817100562	
297.360451062	244.337897877	333.000712029	262.497517866	
236.006572228	386.50774039	243.638932043	347.242653052	
459.584786303	283.231214338	494.569574588	263.838829528	
549.863677062	282.605305313	559.540552886	321.417134364	
480.962148363	246.843138288	507.727372618	276.568931307	
242.55834274	503.751850555	230.197662965	541.794111207	
429.059307002	227.782974681	458.313455067	255.062909083	
250.570997855	433.479343665	215.586209569	414.086958855	
438.171011613	237.452187482	471.332514515	259.81990362	
251.687406916	372.832573896	213.050373864	383.1853357	
285.970654026	321.423822325	298.993380204	283.603079301	
273.581641402	528.56083917	234.074107778	522.303460568	
349.231342434	289.971972473	327.445781034	256.425149755	
251.010773139	459.801847895	214.468954834	443.532382172	
234.756167589	327.392381106	270.707929441	309.857535235	
224.051284127	417.148214979	202.265722726	450.695037697	
516.834995109	282.079579017	547.023378317	308.321940177	
292.373910572	318.435562232	303.399404805	279.985094394	
396.216530498	281.646668753	398.309968748	241.701487362	
258.156113125	354.612441403	219.181310534	363.610483577	
302.093846641	560.019663052	280.30828524	593.56648577	
547.871410287	282.343896879	558.896904519	320.794364717	
267.998484402	515.768366078	235.23240263	538.711423532	
233.20841316	469.605155826	218.224149423	432.517801643	
308.746766371	295.805744159	333.919582013	264.719905701	
221.428855746	412.654150009	231.78161755	374.017116958	
344.728976122	589.188706703	338.47159752	628.696240327	
313.42283066	302.756205157	277.471068808	285.221359285	
241.335217225	479.942898773	217.823807133	512.303578548	
220.003884176	428.850968653	203.099153706	465.103280134	
250.97321868	440.694647906	213.63000162	426.359929924	
269.333832857	265.071006697	307.784300694	276.09650093	
208.751482733	418.14735421	201.119122918	457.412441548	
578.087584832	320.572142386	582.962358568	360.273988452	
311.992572676	312.960918372	285.227348422	283.235125353	
257.027366004	491.049947597	218.985105352	478.689267822	
524.503917074	290.451522633	554.692300283	316.693883792	
295.132557622	308.699064274	255.351681808	304.517925743	
399.861481701	255.538130571	439.709269625	252.051900861	
245.865751163	345.678543281	213.920330761	369.751144207	
361.896886694	283.430983066	340.700116125	249.509059219	
427.118733069	260.238221791	467.063914459	258.144783542	
253.455883553	344.886736362	271.615503542	309.246475394	
251.265239633	370.78116056	252.661219501	330.805527479	
218.590252084	463.584702763	210.957892269	502.849790101	
237.655680595	366.273953408	207.467297386	392.516314568	
247.205033725	334.094571572	275.489304972	305.810300324	
244.753028634	431.118327946	221.241618542	398.757648171	
272.822870343	314.019683283	300.102804745	284.765535218	
239.542237351	342.216082845	267.826508599	313.931811598	
547.911372862	281.231142871	558.264134666	319.868175923	
326.200308058	291.299987857	348.568024197	258.138484955	
577.494371002	347.452848185	591.829088984	384.796065245	
401.238974756	271.970743419	434.005056528	249.027685965	
559.280086752	328.183576667	582.791496844	360.544256442	
276.323536717	257.6296496	313.911241548	271.310455333	
564.258018017	319.655026358	580.52748374	356.196844664	
300.489628674	254.221075502	339.754716012	261.853435317	
243.534793301	441.67532563	219.462192375	409.729905229	
319.573045359	570.69909109	292.293110957	599.953239155	
223.877076538	414.829219115	202.091515137	448.376041832	
318.181361609	250.164687501	357.688895233	256.422066103	
466.070406805	285.719877276	502.890600943	270.090632137	
254.834842968	406.295800136	219.516939254	387.516937624	
284.811538297	341.122432381	254.169760573	315.410927994	
275.625501774	346.234749255	269.368123173	306.727215631	
361.295853416	275.367743213	391.484236625	249.125382054	
295.084206514	241.195691398	329.00613036	262.392461967	
265.414068498	369.752494303	227.826363667	356.07168857	
266.261539356	370.983947281	230.943635642	352.20508477	
405.985097316	281.008087136	419.665903049	243.420382305	
280.993276812	344.202730947	246.706584784	323.601207951	
230.665064584	502.524729613	228.571626334	542.469911003	
424.553837082	280.660508065	447.496894536	247.894426294	
497.043048338	293.541038613	537.036956144	294.239134871	
489.505693987	225.770518134	495.072618026	265.381240884	
308.955557775	242.215576705	345.497376081	258.485042428	
406.430735681	262.091648007	445.242564732	252.414772183	
288.400636349	549.20101958	248.455454959	551.29445783	
220.068450457	411.122674102	227.014377563	371.730363981	
358.526668801	590.37883047	340.367048811	626.019091438	
262.20332331	536.731921354	255.257396204	576.124231474	
235.452300077	379.257360725	205.263916868	405.499721884	
392.731109195	249.242973551	432.676290585	251.336411801	
235.188678455	445.186086756	221.507872722	407.598381925	
477.743950204	244.061536404	503.986311364	274.249919613	
392.126332043	275.73866263	419.912666862	246.965070617	
499.622108079	294.161807226	539.402983894	298.342945757	
504.510726763	262.947753827	530.753087922	293.136137036	
442.392344663	278.87284262	476.679036691	258.271319623	
215.195073068	407.928907294	200.860355086	445.272124354	
277.596212203	318.987216277	298.792982772	285.06529243	
301.575011988	566.845354422	291.898136164	605.657183473	
265.31513925	364.745074385	226.189235221	356.428606752	
237.750774738	366.591927502	254.655505208	330.33961602	
277.666484349	535.646595981	253.040025336	567.167026125	
306.574536829	273.207922514	344.826727067	261.513054325	
246.600307031	379.785778889	209.512952849	394.770042626	
396.5170513	201.023772527	400.00328101	240.87156045	
329.696296977	302.69316034	313.426831254	266.151342035	
440.016067234	235.821306598	471.961487636	259.893907524	
263.475528965	542.061418651	259.989299255	581.909206575	
249.925640582	413.434714656	224.214136194	382.792936932	
268.898050838	300.037803558	304.538311806	281.878183569	
262.707858999	333.792193388	282.100243808	298.807405103	
256.170203945	522.317572327	243.147477767	560.138315351	
310.48850855	315.692582372	300.135746746	277.05554932	
272.796093491	313.233617052	300.58242831	284.460025039	
262.274310175	380.171975834	226.021998694	363.267245364	
248.452105574	342.245169765	215.686023803	365.188227219	
478.424598768	226.591582395	490.785278543	264.633843047	
414.326791826	281.232286505	427.349518005	243.411543481	
261.839499396	329.498327944	284.78255685	296.732246173	
251.795829463	405.119191065	227.16937045	373.598760921	
369.751124515	282.492609156	353.481658792	245.95079085	
536.486522828	255.49377292	537.882502696	295.469406	
449.05258544	224.261832106	470.83814684	257.808654823	
252.685677638	370.844426656	213.873848587	380.52130248	
